laufkont laufzeit moral verw hoehe sparkont beszeit rate famges buerge wohnzeit verm alter weitkred wohn bishkred beruf pers telef gastarb kredit
4 24 4 2 1587 4 4 4 3 1 3 2 40 3 2 2 3 2 1 2 1
2 48 2 3 6836 3 4 3 2 1 2 3 31 3 3 1 3 2 2 2 0
4 21 4 1 2985 1 3 2 1 2 2 1 28 3 2 2 2 1 1 2 1
2 6 1 9 2025 5 2 3 3 1 1 1 30 3 3 1 3 2 2 1 1
4 39 4 6 4087 1 5 4 3 1 4 3 36 3 1 2 3 2 1 1 1
2 6 2 3 915 1 2 3 4 1 2 1 26 3 2 1 4 2 2 1 1
4 12 1 3 698 4 3 4 3 1 2 1 30 3 3 1 3 2 1 2 1
3 18 2 3 430 4 2 4 1 1 4 2 22 3 1 1 3 2 2 2 0
2 24 2 1 2679 1 2 4 2 1 1 4 29 1 1 1 4 2 2 2 1
1 6 2 0 647 1 4 4 4 3 4 4 40 1 3 1 2 1 2 1 1
1 24 4 2 6980 5 5 2 3 1 4 2 46 3 3 2 4 1 2 2 1
4 36 3 9 8926 2 4 3 3 2 2 3 31 1 2 2 4 1 2 2 1
3 18 1 0 884 2 5 4 3 1 4 3 36 3 3 2 3 1 2 1 0
2 48 3 0 11962 5 1 4 4 1 4 4 36 3 1 1 2 2 2 2 1
1 12 2 2 706 1 5 2 2 1 4 2 39 3 2 1 2 1 2 1 1
3 18 2 3 1469 1 4 4 4 1 4 4 39 1 2 1 3 2 2 1 1
4 12 2 2 2249 4 3 2 2 1 2 1 46 3 1 1 2 2 1 2 1
4 18 2 0 6827 5 3 4 1 1 4 4 68 3 3 2 4 2 1 2 0
3 12 2 0 861 2 3 1 2 1 4 1 23 3 2 1 2 2 1 2 1
4 24 2 3 1368 3 3 2 3 1 3 1 31 1 2 1 2 2 2 1 1
1 30 3 2 8592 1 1 2 2 1 2 3 49 3 2 1 4 2 1 2 0
4 12 4 0 339 1 5 4 3 1 3 1 46 1 1 2 2 2 1 1 1
2 12 2 0 907 1 1 2 4 1 3 3 38 3 2 1 2 2 1 2 1
3 12 2 2 4505 5 4 1 2 1 1 2 20 3 1 1 3 2 1 1 1
4 6 2 3 930 1 3 4 1 1 2 4 24 3 2 4 3 2 1 2 1
2 18 4 1 6305 5 5 2 4 1 4 3 41 3 1 1 3 2 1 2 1
1 30 4 9 10350 1 5 2 1 1 4 4 38 2 3 3 4 1 2 2 1
3 21 2 3 2592 1 5 3 3 1 4 3 40 3 3 1 3 2 1 1 1
2 20 3 1 6146 1 5 3 4 2 2 3 31 3 2 2 3 2 2 2 1
2 9 2 0 3016 5 3 1 3 3 2 1 33 2 2 1 2 1 1 1 1
4 24 4 1 4055 4 4 3 3 1 4 2 43 3 2 2 3 1 2 2 1
2 24 2 1 5118 5 5 3 2 1 4 1 42 3 1 1 3 2 2 2 1
2 8 2 3 1414 1 3 1 3 1 3 1 33 3 1 1 3 2 1 2 1
4 18 4 2 3363 3 5 2 3 1 4 4 33 3 2 2 3 2 2 2 0
1 60 3 6 6253 2 3 4 3 1 1 4 42 3 3 1 3 2 1 2 0
1 18 1 2 1521 4 3 4 2 1 2 3 32 3 3 2 4 2 1 1 0
2 18 2 9 3583 1 4 3 3 1 2 3 40 3 3 2 4 2 2 2 1
2 24 2 0 3813 2 2 4 2 1 4 2 62 3 1 1 4 2 2 1 0
4 36 2 0 905 1 5 4 3 1 4 1 36 3 2 1 3 2 1 1 1
2 48 0 2 15665 1 3 1 4 1 2 4 23 2 2 1 3 2 1 1 0
4 18 2 3 2389 5 2 3 4 1 1 2 27 3 2 1 3 2 1 2 1
1 12 2 2 648 1 4 4 3 1 4 1 24 3 3 1 3 2 1 2 1
1 12 2 3 1200 1 3 3 4 1 1 3 26 3 1 1 3 2 2 2 1
1 9 2 2 915 1 3 4 2 1 1 1 30 3 1 1 3 2 1 2 0
4 9 2 2 2393 4 2 2 3 1 4 2 22 3 1 1 3 2 1 2 1
1 24 4 1 5450 1 5 2 2 1 4 1 44 3 2 2 3 2 1 2 1
1 36 2 1 9382 1 4 1 2 1 3 3 24 3 2 1 3 2 2 2 1
3 21 4 0 1614 1 4 4 2 3 3 1 30 1 1 2 3 2 2 2 1
1 15 0 0 959 1 4 4 1 1 3 3 33 3 3 2 3 1 1 2 0
1 18 2 2 2122 1 3 4 2 1 4 4 20 3 1 1 3 2 1 2 0
1 36 3 0 2221 1 5 4 3 1 4 4 57 1 2 2 3 2 2 2 0
1 15 2 2 1625 1 4 2 3 1 1 4 36 3 3 1 3 2 1 1 1
4 20 4 2 1614 2 2 4 4 1 4 4 36 1 1 1 2 1 2 2 1
4 15 2 0 6855 2 1 1 3 1 2 1 34 1 2 1 4 1 2 2 0
3 24 2 1 2859 3 2 4 4 1 4 2 22 3 1 1 3 2 2 1 1
1 24 2 1 4053 1 4 3 3 1 3 3 43 3 2 1 3 2 2 2 1
1 48 2 1 7410 4 1 3 3 1 3 3 49 3 3 1 4 2 2 2 1
4 21 4 2 12867 5 2 2 3 1 4 4 30 3 3 1 4 2 1 2 1
2 24 2 1 5129 5 1 2 2 1 1 3 26 3 1 1 4 2 2 2 1
4 36 3 9 4843 3 2 3 2 1 1 4 30 2 2 1 4 2 2 2 1
1 6 1 0 781 1 3 4 3 1 2 1 26 3 2 1 2 1 1 2 1
2 12 4 3 1143 1 5 3 2 1 2 4 40 3 2 2 2 2 1 2 1
4 6 4 0 250 3 3 2 2 1 2 1 41 3 1 2 2 2 1 2 1
4 36 2 1 4696 3 3 2 3 1 2 1 32 1 3 1 4 2 2 2 1
1 36 2 6 5411 1 5 2 3 1 4 2 42 3 3 1 3 1 1 2 1
4 12 2 2 1203 5 3 4 4 1 4 2 23 1 3 1 3 2 1 2 1
4 12 2 3 2026 1 3 4 1 1 2 1 28 3 2 1 3 2 1 2 1
1 36 3 9 9947 1 4 4 3 1 2 2 31 1 2 2 4 1 2 2 1
4 12 4 3 1412 1 3 1 4 1 2 1 31 2 1 1 4 2 2 1 1
2 4 4 3 1531 1 4 1 1 1 2 1 42 3 2 1 2 1 1 2 1
4 8 2 9 769 3 4 4 4 3 3 1 44 3 2 1 2 2 1 2 1
4 24 3 9 8433 5 3 2 2 2 2 3 27 3 2 2 3 2 1 1 1
2 9 2 0 1469 1 2 2 3 1 3 3 29 3 1 2 3 2 1 1 0
1 24 4 0 1330 1 5 4 4 3 2 2 37 2 2 2 2 1 2 1 1
4 24 3 3 5099 5 5 3 2 1 3 2 47 1 2 2 3 2 2 2 1
1 12 4 0 3220 1 1 1 3 1 3 2 49 3 2 2 2 1 1 2 1
3 24 2 2 3656 1 2 1 2 1 3 2 26 3 2 1 3 2 1 2 1
2 12 0 3 1342 1 2 3 3 1 3 3 22 3 2 1 3 2 1 2 0
4 18 2 3 2053 1 2 4 3 1 1 1 32 3 2 1 3 2 1 2 1
2 24 2 9 2783 5 1 4 1 1 4 4 36 3 3 3 3 2 2 2 1
1 12 2 0 684 1 4 2 2 1 2 1 25 1 2 1 2 2 1 2 0
1 36 2 2 2686 1 5 2 3 1 2 2 41 3 2 1 3 1 2 1 0
4 36 2 1 3846 5 5 2 3 1 4 1 45 3 2 1 2 2 1 1 1
2 15 2 0 2660 2 3 2 2 1 4 3 28 1 1 4 3 2 1 2 0
2 12 2 0 974 1 3 4 3 1 3 1 22 3 1 1 3 1 1 2 1
1 12 2 3 759 1 5 4 2 1 4 4 38 3 2 1 3 2 1 1 1
4 12 2 3 1413 1 5 3 2 1 4 2 37 3 2 1 3 2 2 2 1
1 12 2 0 9108 3 1 1 2 1 4 4 45 3 2 1 4 2 2 2 0
1 18 2 2 1833 3 2 4 2 1 1 4 22 3 1 1 3 2 1 2 1
4 12 4 3 712 5 5 4 3 1 4 3 52 3 2 1 3 2 1 2 1
2 18 0 0 2247 1 2 4 2 1 1 3 28 3 1 2 3 2 1 2 0
1 18 2 0 1601 5 3 1 2 1 4 3 24 3 3 1 2 2 1 2 1
4 4 2 0 1503 5 2 1 3 1 2 1 29 3 3 1 2 1 1 2 1
4 18 2 1 2765 2 3 2 4 1 2 3 21 3 1 1 4 2 2 2 1
1 12 2 0 1239 1 2 4 2 1 2 1 24 3 2 1 2 2 1 2 0
2 36 1 9 8325 1 3 2 1 1 2 3 25 3 2 4 4 2 2 2 1
4 24 2 3 3148 1 2 4 4 1 1 2 26 3 2 1 3 2 2 2 1
1 24 2 3 1279 1 4 4 1 1 4 2 36 3 1 1 2 2 2 2 1
3 6 2 5 661 1 5 2 2 1 4 1 23 3 3 1 2 2 1 2 1
4 6 4 2 1198 1 3 4 3 1 2 2 27 3 2 2 3 2 1 1 1
3 12 4 3 928 4 5 4 1 1 4 1 65 3 3 1 3 2 1 2 1
4 24 3 9 5949 2 2 4 2 1 1 3 44 3 2 1 3 2 1 2 0
4 15 2 9 3975 2 2 1 1 1 2 2 29 3 2 1 3 2 2 2 0
1 12 4 3 1052 2 5 4 3 1 4 3 35 1 2 2 3 2 1 2 1
4 6 2 3 1583 1 4 3 3 3 2 4 51 3 2 1 3 1 1 2 1
1 9 4 3 1310 1 5 4 3 1 4 4 48 3 1 2 2 2 1 2 1
2 18 2 1 2928 1 4 3 3 1 4 3 40 3 2 1 3 2 1 2 1
4 18 4 3 2146 1 3 2 2 1 4 3 25 3 1 2 3 2 1 2 1
3 12 2 3 1271 3 3 3 4 1 2 3 25 3 2 1 3 2 1 2 1
3 21 1 0 1593 5 3 4 1 1 2 2 40 1 2 2 2 1 1 1 0
2 24 2 3 1203 1 2 4 4 1 1 1 26 1 2 1 3 1 1 2 1
4 12 1 3 1751 5 5 4 3 1 3 3 44 3 3 1 3 2 2 1 1
1 6 2 6 1402 2 3 2 3 1 3 2 75 3 2 1 4 2 2 2 1
4 10 4 3 1369 1 4 4 3 1 4 1 27 3 2 2 3 2 2 1 1
2 60 2 3 7420 1 5 3 3 1 4 4 36 3 1 1 3 2 1 2 0
1 6 2 3 1366 5 5 3 3 1 4 4 42 3 2 1 3 1 2 2 1
2 36 4 2 4526 1 5 4 2 1 4 1 34 3 2 1 3 1 1 2 1
4 6 4 0 1552 3 5 1 2 1 2 3 24 3 1 2 3 2 2 1 1
4 15 2 3 1093 1 3 4 4 3 3 4 27 3 2 1 3 2 2 1 1
4 60 2 0 6310 5 3 4 3 1 4 4 34 3 3 1 3 2 1 1 1
4 12 2 0 2824 5 1 4 2 1 4 3 38 1 3 1 4 2 2 2 1
1 6 4 3 1716 3 5 1 3 1 4 2 45 1 2 1 1 1 1 1 1
4 12 2 3 1474 2 4 4 1 1 3 3 34 3 2 1 3 2 1 2 1
4 24 3 9 2381 3 5 4 3 1 2 2 44 3 2 2 3 1 2 2 0
3 15 2 9 1415 1 3 2 3 1 4 3 28 3 2 1 3 2 1 2 1
4 9 2 0 2577 2 3 1 1 1 4 1 51 3 1 1 3 2 1 2 1
1 6 2 2 1910 1 1 3 1 1 4 2 36 3 2 3 4 2 2 2 1
2 24 2 0 975 3 4 4 3 1 2 1 38 2 2 1 3 1 1 2 0
3 24 2 0 1212 5 2 4 2 1 4 2 24 3 1 1 3 2 1 2 0
1 36 4 0 5854 1 5 2 3 1 2 4 35 3 2 2 4 1 2 1 1
3 12 2 1 1562 5 4 2 2 1 4 3 36 3 1 1 3 2 2 2 1
2 18 3 9 2224 3 3 4 3 1 2 3 28 3 2 2 3 2 2 2 0
2 18 2 3 1502 4 2 3 3 1 1 3 26 3 1 1 3 2 1 2 1
4 21 4 2 2325 4 2 4 2 1 4 2 23 2 3 1 3 2 2 2 1
2 18 4 0 1082 1 2 4 2 1 1 2 30 3 2 2 3 2 1 2 1
1 15 4 2 2683 1 3 4 1 1 2 4 27 2 2 2 2 2 1 1 1
4 24 4 3 1532 1 3 4 3 1 4 1 42 3 2 2 2 2 1 2 1
4 24 2 3 1376 2 5 3 2 1 4 2 47 3 2 1 3 2 2 2 1
3 6 4 0 613 3 4 3 3 1 3 4 37 3 2 2 3 2 1 1 1
2 5 4 1 3446 1 4 1 2 1 1 1 74 3 2 1 2 2 1 1 1
3 12 4 0 1520 5 5 4 3 1 4 4 38 3 2 2 2 1 1 2 1
4 12 4 0 3566 5 3 2 3 1 1 2 38 3 2 2 2 2 1 1 1
3 6 2 5 458 1 2 3 2 1 1 1 22 3 2 1 2 2 1 2 1
2 18 2 2 2563 1 3 1 1 1 2 3 22 3 1 1 3 2 1 2 0
2 18 3 3 2404 5 3 4 2 3 2 2 42 3 2 2 3 2 1 2 0
2 36 2 3 3566 1 5 4 3 1 2 3 28 3 2 1 3 2 1 2 1
2 24 2 1 1936 1 3 2 4 1 2 1 26 3 2 1 3 2 1 2 1
4 12 4 9 1942 4 4 3 1 1 3 3 31 3 2 2 4 1 2 2 1
1 24 2 2 3017 5 2 4 3 1 4 3 32 3 1 1 3 2 2 2 1
3 9 2 3 1355 3 3 1 2 1 2 2 26 3 3 1 3 2 1 2 1
2 36 1 0 2819 2 2 1 3 1 2 1 30 3 3 1 3 2 1 2 1
2 24 2 2 4273 4 3 1 1 1 4 1 48 3 2 1 2 1 2 1 1
1 18 2 3 2757 3 3 4 1 1 3 4 28 3 2 1 3 2 1 1 1
1 18 1 0 1206 4 1 3 2 1 4 4 47 3 2 1 2 2 1 1 0
1 21 2 2 3568 1 2 1 2 1 4 4 26 3 1 1 3 2 1 2 1
2 12 2 3 1493 1 3 4 3 1 1 4 25 3 1 1 3 2 2 2 1
2 18 2 0 1029 4 3 4 2 1 2 3 33 3 2 1 3 2 1 2 0
4 12 4 0 2039 5 5 4 4 1 2 2 61 3 2 1 3 2 1 2 1
3 12 2 9 628 1 3 3 3 1 2 3 30 1 2 4 3 2 1 2 0
2 9 4 3 1075 1 3 4 3 1 1 3 37 3 1 1 3 2 1 2 1
3 42 2 3 7237 1 4 4 3 1 3 2 30 3 1 1 4 2 2 2 1
3 12 2 3 1502 3 3 4 4 2 1 2 23 3 2 1 3 2 1 2 1
4 15 2 2 2185 2 2 4 1 1 4 2 33 3 2 1 2 2 2 2 1
2 30 4 0 5150 1 2 4 3 1 3 3 28 3 2 2 2 2 1 2 0
1 24 1 2 3752 4 3 1 2 1 4 4 22 3 1 1 3 2 2 1 1
3 12 2 3 1569 1 3 4 4 1 3 2 49 3 2 1 3 2 1 2 1
4 18 2 0 1818 4 3 2 4 1 2 2 30 3 2 1 4 2 2 2 1
2 18 2 0 1937 1 3 3 1 1 2 3 35 3 2 1 2 2 1 2 1
2 36 2 0 9043 2 2 4 1 1 1 4 29 3 3 1 3 2 2 2 0
1 24 3 9 5111 1 5 2 1 1 1 3 26 3 2 2 3 2 1 2 1
1 12 2 0 999 1 4 4 2 1 1 1 39 3 2 1 3 2 2 2 1
4 6 2 3 745 4 3 2 3 3 1 1 64 3 1 3 3 2 1 2 1
4 42 2 2 7849 1 4 2 3 1 4 4 45 3 2 1 3 2 1 1 1
4 24 2 0 3970 2 2 4 1 1 2 3 37 3 1 4 3 2 2 2 1
3 30 2 3 2320 5 5 4 3 1 2 3 30 3 1 1 3 2 2 2 1
3 6 1 3 409 5 5 3 1 1 4 3 39 1 2 1 3 2 1 2 1
4 9 2 3 2745 1 3 1 1 1 2 2 32 3 2 1 3 1 1 1 1
1 24 2 0 1344 3 4 4 3 1 3 2 40 1 1 1 3 2 2 2 0
1 18 4 9 2762 4 2 2 3 1 2 2 31 2 2 2 4 2 1 2 1
2 36 2 6 2411 4 2 4 3 1 4 1 33 1 2 1 1 1 1 2 0
2 39 1 6 5953 5 3 4 1 2 4 1 27 3 1 1 3 2 2 2 0
1 60 4 1 13366 5 5 2 2 1 4 4 63 1 1 2 2 1 2 2 1
3 6 2 0 14844 1 5 1 3 1 4 4 68 1 3 1 4 2 2 2 0
3 9 2 3 759 4 5 4 1 1 2 3 28 1 2 1 2 2 1 1 1
2 18 2 1 7582 3 5 3 3 1 4 4 52 1 3 1 3 1 2 2 0
4 27 3 0 4041 4 3 2 4 1 2 2 46 3 2 1 2 2 1 2 0
1 18 1 0 1423 2 5 4 3 1 4 4 32 1 3 2 2 1 1 2 0
1 12 2 2 2589 1 3 3 2 1 4 1 55 3 1 1 4 2 1 2 1
2 36 2 3 2322 1 3 3 2 1 4 3 31 3 3 1 3 2 1 2 0
1 12 2 2 1101 4 3 4 2 1 4 1 29 3 2 1 2 2 1 1 0
4 12 4 2 2747 1 3 2 3 1 4 2 34 3 1 2 3 2 1 2 1
4 18 4 9 1003 3 3 4 1 1 1 3 36 3 1 2 1 2 1 2 1
2 36 4 0 2860 1 4 4 2 1 1 3 27 3 2 2 3 2 1 2 0
2 12 4 0 2210 3 5 1 4 1 2 1 39 3 2 2 2 1 1 2 1
1 15 4 1 1492 1 4 4 3 1 4 2 43 3 1 2 3 1 1 2 1
1 60 2 0 14084 1 4 1 4 1 2 4 27 2 1 1 4 2 2 2 0
1 12 1 0 1149 1 4 4 3 1 1 2 28 3 2 2 3 2 1 2 0
4 36 4 9 2659 4 3 2 3 1 2 3 27 3 2 2 3 2 1 1 1
3 18 3 2 1174 5 3 4 4 1 2 3 29 3 2 2 3 2 1 2 1
1 18 1 9 1950 4 4 1 2 1 2 1 23 3 3 1 3 2 1 2 1
2 24 2 2 2635 1 2 1 2 1 4 4 20 3 1 1 2 2 2 2 0
4 15 4 3 1297 1 3 2 4 1 2 1 48 3 2 2 2 2 1 1 1
4 24 3 2 1924 5 3 2 3 1 2 3 33 1 2 2 3 2 2 2 1
2 9 4 9 1200 1 5 2 1 1 4 4 37 3 3 2 2 2 1 1 1
3 6 2 3 342 1 2 2 2 1 1 2 27 3 2 1 3 2 1 1 1
1 24 1 0 1858 2 2 4 3 1 4 4 34 3 3 1 2 2 1 2 0
1 12 2 2 2793 3 3 3 4 1 2 2 25 3 2 1 3 2 2 2 1
4 12 2 2 749 2 2 4 4 1 1 3 26 3 1 1 3 2 1 1 1
1 6 2 3 1384 1 3 4 3 1 2 1 36 1 2 1 2 1 2 1 1
2 6 1 6 433 1 2 4 2 1 2 2 24 1 1 1 2 1 1 2 0
4 18 3 9 1941 1 4 3 3 1 3 3 34 3 2 1 3 2 2 2 1
4 36 2 3 7484 1 3 2 4 1 2 1 53 3 1 2 2 2 1 2 1
1 9 4 0 1469 1 4 2 3 1 1 3 27 3 2 2 3 2 1 2 1
2 24 2 2 3283 5 2 4 3 2 4 4 30 1 3 2 3 1 2 1 0
2 15 1 3 1296 1 5 4 2 1 1 4 38 3 1 2 3 2 1 2 1
2 21 2 0 2923 2 2 1 4 1 2 1 28 2 3 1 4 2 2 2 1
1 8 4 0 3342 4 4 1 2 1 4 2 39 3 2 3 3 2 1 1 1
2 24 3 3 6417 1 2 3 3 1 2 3 33 3 2 1 3 2 1 2 1
2 9 4 3 3016 5 3 1 3 2 2 2 33 3 3 2 3 2 1 1 1
4 30 4 1 7561 5 5 2 3 1 4 2 63 1 2 2 3 2 1 2 1
1 24 2 3 1259 5 4 4 3 1 4 3 25 3 2 1 3 1 1 1 1
2 9 2 2 2122 1 1 3 3 1 1 3 24 3 2 1 3 2 2 1 1
2 24 2 2 6995 1 2 2 2 1 3 2 55 3 2 1 4 2 2 2 0
1 42 4 3 4279 1 5 4 3 1 3 2 26 1 1 2 3 1 2 2 0
4 15 2 3 1955 5 3 4 1 3 2 3 35 3 2 1 3 2 1 2 1
4 27 2 2 5217 5 5 4 3 1 4 2 48 3 2 1 3 1 2 2 1
2 30 2 9 3362 2 3 2 2 3 4 1 21 3 1 1 4 2 1 2 0
2 18 2 0 2899 5 5 4 3 1 3 4 43 1 2 2 3 1 1 2 1
1 24 3 9 8404 1 3 2 3 1 2 4 27 2 2 2 3 2 2 2 0
4 21 4 1 3257 3 5 3 4 1 4 3 36 3 1 1 4 1 2 2 1
2 24 4 3 2863 4 5 3 3 1 4 1 36 1 1 1 3 1 2 2 1
1 24 2 3 1567 1 4 2 4 1 1 3 32 3 2 1 3 1 1 1 1
3 18 2 3 2070 2 3 3 4 1 2 1 37 3 2 1 3 1 1 1 0
4 15 2 1 2384 1 5 2 3 3 2 3 36 3 2 1 4 2 2 2 1
2 15 4 3 1365 3 3 4 2 1 2 2 31 3 2 2 3 2 1 1 1
3 18 4 2 1049 4 2 4 4 1 4 2 21 3 1 2 3 2 1 2 1
4 12 4 3 1780 2 5 1 3 1 4 1 63 3 2 2 2 2 2 2 1
4 12 4 0 2122 1 3 4 3 1 3 2 38 1 2 2 2 2 1 2 1
1 12 3 2 2136 1 3 4 3 1 1 1 29 2 1 1 3 2 1 1 0
4 71 3 3 5962 1 3 4 3 1 2 3 24 3 2 1 3 2 1 2 0
4 12 4 2 5753 5 5 2 3 1 4 2 49 3 2 1 3 2 2 2 1
4 9 4 0 1231 1 3 3 3 1 2 1 30 3 1 2 3 2 1 2 1
4 12 2 3 1402 4 1 2 2 1 4 1 65 3 1 1 4 2 2 2 1
4 48 4 0 7627 5 5 4 3 1 2 4 46 2 2 2 3 2 2 2 1
4 15 2 3 1205 1 5 4 2 3 4 2 47 3 2 1 3 2 2 1 1
3 24 4 2 2601 1 3 4 3 1 2 1 34 3 2 2 2 2 1 1 1
2 24 1 1 5716 2 1 4 4 2 4 3 24 3 2 2 3 2 2 1 0
4 12 1 0 1200 5 3 4 4 1 2 2 27 3 2 3 2 2 1 2 1
4 21 4 0 3447 5 1 4 3 1 4 2 44 3 1 2 4 2 2 1 1
1 24 4 0 1196 1 4 4 1 1 4 3 29 3 2 2 2 2 1 2 0
4 12 4 2 2660 3 5 2 2 1 4 4 57 3 1 3 2 2 1 2 1
4 15 2 3 1381 3 3 4 3 1 2 1 40 3 2 1 4 2 2 2 1
2 36 1 0 6761 1 2 4 3 1 3 4 29 3 2 2 3 2 2 2 0
4 18 2 9 2627 1 2 4 1 3 1 3 34 3 3 1 3 1 1 2 1
3 18 2 0 2684 5 4 4 3 1 1 2 32 3 1 1 3 1 1 2 1
2 12 1 2 628 1 5 4 2 1 4 1 24 3 1 1 2 2 1 2 0
2 6 2 3 464 1 4 1 3 3 3 4 28 3 2 1 2 2 1 2 1
1 24 3 1 4233 5 3 2 3 1 2 3 27 3 2 1 3 2 1 2 1
3 48 2 0 8472 2 4 1 2 1 2 1 24 3 1 1 3 2 1 2 1
1 12 4 0 695 4 4 4 2 1 3 1 35 3 3 2 4 1 1 2 0
1 36 4 1 14222 1 4 4 2 1 4 2 30 3 2 2 3 2 2 2 1
3 36 3 9 9751 2 5 3 3 1 3 4 28 3 1 2 3 2 1 2 0
4 12 2 2 1754 1 4 2 3 1 4 1 31 3 3 1 2 2 1 2 1
2 36 2 1 8614 3 2 4 3 1 2 3 45 3 3 1 4 2 2 2 1
1 36 4 2 5742 3 5 1 2 1 2 3 38 3 2 2 3 2 2 2 1
2 24 3 3 3218 1 5 2 1 1 2 4 31 3 2 2 3 2 2 2 1
4 24 4 0 717 2 5 4 3 3 4 2 54 3 2 2 3 2 2 2 0
2 36 3 1 6958 1 3 2 3 1 2 1 35 3 2 1 4 2 2 1 1
4 18 4 3 5975 2 5 3 3 1 4 2 33 3 3 2 3 2 2 2 1
4 12 2 3 1402 5 4 2 3 1 2 3 55 3 2 1 3 1 2 1 1
2 12 1 3 947 3 2 4 3 2 4 3 27 1 1 1 3 2 1 2 0
1 24 2 0 1337 5 3 4 2 1 4 3 25 1 3 1 3 2 1 2 0
2 60 3 3 15172 1 4 2 4 1 4 3 21 3 1 2 3 2 2 2 1
2 24 2 0 2248 5 3 4 2 1 1 3 53 3 2 1 3 2 1 2 1
4 9 1 0 3948 5 5 1 1 1 4 1 63 1 3 1 2 2 1 2 1
2 24 2 1 3004 5 5 2 4 1 4 2 48 3 3 1 3 1 2 1 1
2 48 0 2 6169 1 3 4 3 1 4 3 50 3 3 2 3 2 1 1 0
1 18 2 0 1216 5 2 4 2 1 1 3 23 3 1 1 3 2 2 2 0
4 36 2 3 9307 3 1 1 2 1 1 4 28 3 1 1 4 2 2 1 0
2 48 2 1 6311 3 3 4 3 1 4 4 31 3 3 1 4 2 1 1 0
4 21 4 9 3643 1 4 2 3 1 3 1 27 3 2 2 3 2 1 2 1
2 36 2 0 1807 2 2 4 3 1 4 3 34 3 1 1 3 2 1 2 0
4 6 4 0 2148 1 3 1 3 1 2 4 24 3 2 1 3 2 1 2 1
3 12 2 3 3425 1 3 1 4 1 2 1 37 3 3 1 3 2 2 2 1
2 12 4 3 1258 5 3 4 4 3 2 4 38 1 2 1 4 2 1 1 1
1 9 2 1 5095 4 5 1 1 3 4 4 74 1 3 1 4 2 2 2 0
2 9 3 9 1107 5 5 4 3 3 4 1 32 1 3 2 3 1 1 2 0
2 12 2 3 2077 4 4 3 1 1 1 1 35 3 3 1 3 2 1 2 1
3 24 2 3 2442 5 5 4 1 1 4 2 53 3 2 2 3 2 1 2 1
2 53 0 0 15941 3 5 3 1 1 4 4 58 3 3 1 3 2 2 2 0
4 48 2 9 5497 2 1 4 2 2 4 4 40 3 3 1 4 1 2 2 1
2 48 2 0 10007 1 2 1 2 1 2 4 26 1 2 1 4 2 2 2 0
1 15 2 3 2371 1 2 2 2 1 1 1 25 3 2 1 2 2 1 1 0
4 18 4 3 1613 1 5 4 3 1 4 2 46 3 2 2 3 2 1 2 1
4 18 4 3 2308 1 4 3 2 1 3 1 34 3 2 2 3 2 1 2 1
3 24 2 3 1258 1 5 1 3 1 4 3 57 3 1 1 3 2 1 2 1
1 10 2 2 1308 1 2 4 2 3 3 2 23 3 2 1 3 2 1 2 1
2 24 4 0 6874 2 2 4 2 1 3 3 36 3 1 3 3 2 2 2 1
3 45 2 1 4438 3 5 2 3 1 4 3 27 3 1 2 3 2 1 2 1
1 48 3 3 12815 1 4 4 3 1 3 2 37 2 2 1 3 2 2 1 1
4 9 4 0 2136 3 2 4 2 1 4 3 47 3 1 1 3 2 2 1 1
2 18 3 1 4217 1 2 2 3 1 3 4 40 3 3 1 2 2 2 1 0
1 48 1 6 10321 2 4 4 2 1 4 4 39 3 1 3 3 1 2 2 0
4 12 3 0 2276 4 3 2 4 1 2 3 36 3 3 2 2 2 2 2 1
2 15 0 0 1804 1 2 2 1 1 1 3 26 2 1 2 2 2 1 1 0
1 48 2 3 7049 1 4 3 4 1 1 4 34 3 2 2 2 2 2 2 0
1 12 4 0 1410 1 4 4 2 1 3 3 26 3 1 2 3 2 1 2 1
4 15 4 3 947 1 3 4 4 2 2 2 30 3 3 2 3 2 2 1 1
1 12 2 3 798 2 3 4 3 3 2 1 28 3 2 1 3 2 1 2 1
2 21 3 0 2859 1 5 4 2 1 2 3 61 3 2 2 3 2 1 2 0
3 24 0 3 3618 1 2 4 3 1 4 3 31 3 1 2 3 2 1 2 1
2 9 2 9 1389 3 3 3 4 1 1 1 27 3 3 1 3 2 2 2 1
1 24 2 1 3774 5 3 1 2 1 4 3 23 1 1 3 4 2 1 1 1
2 15 4 3 5081 2 5 1 2 1 4 4 58 2 3 1 3 2 2 1 1
4 4 2 2 609 1 2 2 2 1 2 1 23 3 2 1 2 1 1 2 1
1 24 2 3 2063 1 4 4 2 1 3 2 22 3 3 1 3 2 2 2 0
4 36 2 1 3651 2 3 2 3 1 2 3 27 3 1 1 3 2 1 2 1
3 48 1 1 6280 1 5 4 2 1 4 4 46 3 3 2 3 2 2 2 0
1 15 4 2 955 1 3 2 2 1 3 1 25 3 3 2 3 2 1 2 1
1 18 2 3 2447 1 2 2 2 1 1 4 25 3 2 1 3 2 1 2 1
3 15 4 3 1549 4 5 4 4 1 4 4 50 3 3 2 3 2 1 2 1
4 24 2 1 2972 1 5 4 3 1 4 4 63 3 2 1 4 2 2 2 0
1 24 0 3 1625 1 2 3 4 1 2 1 29 3 2 1 3 2 2 2 0
4 15 4 2 1412 1 3 4 2 1 4 2 25 3 2 2 3 2 1 2 1
2 12 2 2 1448 1 2 4 2 1 2 4 33 1 1 1 4 2 2 1 1
4 30 4 3 5386 1 4 2 3 1 2 4 25 3 2 2 3 2 1 2 1
2 18 4 0 1104 2 1 4 3 1 4 3 65 3 2 2 3 2 1 1 1
4 18 2 3 1532 4 3 4 3 1 2 2 32 3 1 1 2 2 2 2 1
1 60 3 9 6608 1 5 3 2 1 4 4 63 3 3 2 3 2 1 2 0
1 36 2 10 15838 1 2 2 2 1 3 3 43 3 2 1 4 2 2 2 1
4 15 2 1 3566 5 3 2 3 1 3 3 28 3 1 1 3 2 1 1 1
4 12 2 2 1796 1 3 1 1 1 2 3 24 3 1 1 2 2 2 2 1
2 24 1 9 1217 3 2 4 4 1 4 4 38 1 3 2 3 2 1 2 0
4 48 1 10 4860 2 1 3 4 1 2 4 33 2 1 1 4 2 2 2 0
2 12 4 6 1500 1 5 4 3 1 4 4 66 3 1 2 2 2 1 2 1
1 15 2 1 2622 2 4 2 4 1 4 3 23 3 3 1 3 2 1 1 1
1 6 0 2 451 4 2 4 2 1 4 2 23 3 3 1 3 2 1 2 0
4 27 2 2 2493 1 5 4 4 1 3 4 43 3 3 2 3 1 2 1 1
4 24 4 3 1876 5 4 3 2 1 2 4 32 3 2 2 3 2 2 2 1
4 9 2 4 1222 1 2 4 2 1 4 1 23 3 1 1 3 2 2 2 1
4 6 2 3 518 1 5 3 1 1 1 1 29 3 2 1 1 2 1 1 1
4 12 4 2 1236 1 4 2 2 1 4 2 22 3 1 2 2 2 2 2 1
2 6 2 3 667 1 2 4 3 1 1 2 29 3 2 1 3 2 1 1 1
2 30 0 3 4110 4 3 2 2 1 1 3 28 3 2 2 3 2 1 2 1
1 36 3 10 7421 3 5 2 3 1 2 4 37 3 2 2 3 1 1 2 1
1 24 2 9 4795 4 4 2 3 1 3 3 31 2 2 3 3 1 2 2 1
3 42 3 1 9386 3 5 3 2 1 2 3 54 1 3 1 4 1 2 2 1
1 15 2 1 2664 1 4 2 2 1 4 3 26 3 1 1 3 2 2 2 1
1 36 2 2 3430 1 5 2 3 1 3 3 42 3 3 4 3 1 1 2 0
1 9 2 0 653 1 3 4 3 1 1 3 28 1 2 1 2 2 1 2 0
2 36 4 3 9928 4 4 2 2 1 4 2 24 3 1 2 3 2 2 2 1
2 9 1 0 1433 5 2 3 3 1 2 4 27 3 1 1 4 2 2 2 0
2 12 4 0 2359 3 4 3 2 1 3 3 36 3 2 1 4 2 2 1 1
2 30 2 0 2154 4 3 4 4 3 2 4 24 3 1 1 3 2 1 2 0
2 24 2 3 3156 3 3 4 2 2 2 3 22 2 2 1 3 2 2 1 0
1 9 2 2 1312 3 3 2 4 1 4 4 20 3 1 1 3 2 1 2 1
1 12 2 2 1261 1 5 2 1 1 4 2 49 3 2 1 4 1 2 1 1
4 15 4 3 1898 2 5 4 3 1 4 1 46 3 2 2 3 2 2 2 1
2 48 0 2 5089 1 2 2 2 1 3 3 30 3 1 1 4 2 1 2 0
2 18 2 3 3077 1 3 1 4 1 1 3 25 1 2 1 3 2 2 2 1
2 12 4 3 888 5 5 4 2 1 3 4 23 3 1 1 3 2 1 1 1
2 30 0 0 4237 1 2 4 2 1 2 3 28 1 2 2 2 2 1 2 0
4 36 3 9 2780 2 3 2 3 1 2 2 26 1 3 2 3 2 2 2 1
4 6 2 2 1741 5 2 1 4 1 2 2 21 3 3 1 3 2 1 2 1
2 12 1 0 1330 4 2 4 3 1 1 2 26 3 2 1 3 2 1 2 1
2 36 4 9 4304 1 3 2 3 1 2 1 30 1 3 2 4 2 2 2 0
1 24 2 2 4388 1 3 4 2 1 4 2 28 3 2 1 3 2 1 2 1
2 18 4 0 587 4 5 4 3 1 3 3 65 3 2 2 1 2 1 2 1
4 15 2 6 1355 5 3 4 3 1 4 1 45 1 1 1 3 1 2 2 1
1 24 2 2 2110 1 1 3 2 3 2 3 34 2 2 1 4 2 2 2 0
4 12 2 3 733 1 2 4 2 1 3 4 33 3 3 1 2 2 2 2 0
3 27 4 0 4256 5 2 4 1 1 2 2 32 1 2 2 4 1 2 1 1
1 24 2 0 7248 1 3 1 3 3 4 3 43 3 1 1 2 1 1 2 1
2 24 2 1 2852 1 4 2 2 1 1 1 34 3 3 1 4 2 2 2 1
2 18 4 2 3071 5 2 2 2 1 1 2 45 3 2 1 2 2 1 2 1
1 6 4 3 1049 1 1 4 3 1 1 4 35 3 2 1 2 1 2 2 1
4 12 2 3 1595 1 4 3 1 1 4 3 35 3 2 1 3 2 2 1 1
4 30 4 3 3206 5 5 3 1 1 2 3 40 3 2 2 3 1 2 2 1
4 24 2 0 1473 5 5 4 4 1 4 2 41 3 2 1 2 2 1 1 1
4 24 2 3 5374 1 4 1 3 2 3 4 25 3 2 1 3 2 1 2 0
1 24 2 2 6461 1 3 1 1 2 2 1 21 3 2 1 2 1 1 2 1
1 18 2 2 3428 5 5 4 3 1 4 2 47 3 1 1 3 1 2 2 1
2 12 2 1 1435 2 5 1 3 1 2 3 35 3 2 1 3 1 1 2 1
4 36 4 0 3561 5 4 2 3 1 4 3 37 3 2 2 3 2 1 2 1
2 18 2 9 4355 1 5 3 4 1 3 1 33 3 3 1 4 2 2 2 1
1 45 2 3 1796 5 4 4 4 1 4 1 23 3 3 1 3 2 2 2 0
3 15 2 3 805 3 5 4 3 1 3 1 37 3 2 1 3 1 1 2 0
1 48 4 6 6109 5 2 2 3 1 4 4 57 2 2 2 3 2 1 2 0
3 36 2 0 12690 5 3 1 3 2 4 4 37 2 1 1 3 2 2 2 0
4 18 4 3 2332 1 3 2 3 2 2 1 26 3 1 2 3 2 1 2 1
2 36 1 0 11959 1 4 4 3 1 1 4 32 3 2 4 3 2 2 2 1
4 30 4 2 3650 5 5 4 1 1 4 2 57 3 1 2 3 2 1 2 1
4 12 4 3 1239 1 5 4 2 1 4 4 61 3 2 2 2 2 1 1 1
2 12 2 3 2287 2 5 4 3 1 4 3 37 3 2 1 3 2 1 2 1
4 15 2 2 4779 1 3 3 3 1 2 2 30 3 1 1 3 2 2 2 1
4 6 2 0 1365 3 1 1 2 1 1 3 23 2 2 1 4 2 2 1 1
2 24 2 3 2477 1 4 3 3 1 2 3 34 3 2 2 3 2 1 2 1
2 48 2 3 3509 3 4 4 3 1 1 4 30 3 2 4 3 2 1 2 1
1 9 2 0 475 1 3 4 2 1 4 3 24 3 2 1 3 2 1 2 1
1 18 2 3 3370 1 4 4 3 1 1 1 26 3 1 1 3 2 1 1 1
4 18 4 3 1107 4 5 4 3 1 4 2 46 3 2 2 3 2 1 2 1
4 36 2 1 8744 5 5 2 3 1 4 4 35 2 2 1 2 2 1 1 0
4 24 2 0 1376 1 3 4 3 1 2 2 35 3 2 1 3 1 1 2 0
1 42 4 9 3379 4 4 4 3 1 4 3 65 1 2 2 1 2 1 2 1
2 18 2 3 1859 5 2 4 2 2 1 2 27 3 1 1 3 2 1 2 0
2 24 2 3 3671 2 4 3 2 1 4 1 28 3 3 1 3 2 1 2 1
1 6 4 3 695 1 5 4 3 1 4 4 36 3 1 2 3 2 1 2 1
1 27 3 6 8306 3 3 2 3 1 4 4 42 1 1 2 4 2 2 1 0
2 36 4 0 10379 3 3 2 1 1 4 4 42 3 3 2 3 2 1 2 1
4 24 4 9 2235 2 4 2 3 1 4 4 43 3 2 2 3 2 2 2 1
4 18 4 2 1825 3 3 2 2 1 2 4 28 3 2 2 3 2 1 2 1
2 24 1 1 4594 4 3 2 1 1 2 3 54 3 2 1 4 1 2 1 0
1 21 2 1 2435 5 2 4 3 1 4 1 46 3 3 1 3 2 2 2 1
2 15 2 3 1473 5 2 4 3 1 1 4 23 3 2 1 3 2 1 1 1
4 36 2 3 4282 3 5 4 3 1 2 3 31 3 2 1 3 2 1 1 1
1 18 2 3 1924 1 1 4 3 1 4 4 36 1 3 1 4 2 2 2 0
4 24 2 6 3049 2 5 4 2 1 4 1 30 3 3 1 3 2 1 2 1
3 6 2 3 1037 2 5 3 3 3 1 1 28 3 2 1 3 1 1 2 1
3 30 0 3 8042 5 2 1 2 1 4 3 25 3 3 2 3 2 1 2 0
2 21 3 9 2711 2 3 2 3 1 2 3 29 1 1 2 3 2 2 1 1
3 60 2 0 7298 1 4 4 3 1 2 3 24 1 2 1 4 2 1 2 0
4 21 4 1 7120 5 5 1 4 2 4 4 36 1 2 1 4 1 2 2 1
4 12 2 9 2403 5 1 1 3 1 3 2 50 1 2 1 3 2 2 2 1
4 24 2 1 9279 5 3 1 3 1 4 4 47 3 3 1 3 2 2 2 1
2 24 4 3 1549 3 4 4 2 1 2 3 23 3 2 2 3 2 2 1 1
4 24 2 2 2658 5 3 2 2 1 4 3 28 3 1 1 3 2 2 2 1
4 12 4 2 1925 1 5 3 2 1 3 4 43 2 2 3 3 2 2 2 1
3 48 3 9 14459 1 2 2 2 1 2 4 25 1 1 1 3 2 2 1 0
3 15 2 3 3584 5 5 4 1 1 2 3 54 1 3 1 4 2 2 2 1
4 18 2 0 1927 2 4 2 2 1 4 3 23 3 1 1 2 2 1 2 1
3 48 0 2 7173 1 1 4 1 1 4 4 53 3 3 2 3 2 1 2 0
2 12 2 0 1319 3 1 4 3 1 4 1 54 1 3 1 3 2 2 2 1
4 24 2 0 1295 3 4 4 2 1 4 2 25 3 1 1 3 2 1 1 1
3 10 2 0 1452 2 3 4 4 3 2 1 35 3 1 1 2 2 1 2 1
1 12 2 0 1977 2 2 4 3 1 1 3 27 3 2 1 3 2 1 1 1
3 42 4 2 4789 5 5 3 3 1 4 1 57 3 3 3 3 1 1 2 1
4 10 4 2 1919 3 5 3 4 1 4 1 38 3 1 1 3 2 2 2 1
1 24 2 9 3500 1 4 3 2 1 2 1 27 3 2 1 4 2 2 2 0
2 11 4 0 1330 5 3 4 3 2 1 4 40 3 3 2 3 2 1 1 1
2 18 2 1 13783 2 1 2 2 1 4 4 38 1 3 1 4 2 2 2 1
2 12 1 1 2998 1 2 3 2 1 1 1 34 3 2 1 4 2 1 2 1
1 21 4 9 1569 5 4 4 3 1 1 2 34 3 2 2 3 2 1 1 1
3 12 2 2 1754 1 3 1 1 1 2 4 30 3 1 1 3 2 1 2 1
4 24 2 3 1299 5 4 4 1 1 2 2 26 3 3 1 3 2 2 2 1
4 12 1 0 701 1 3 4 1 1 2 4 46 1 2 2 4 2 2 2 0
4 12 4 0 1016 4 4 4 2 1 4 1 23 3 2 2 3 2 1 2 1
3 30 2 3 1845 1 5 4 2 1 4 1 58 3 2 1 3 2 2 2 1
1 18 2 3 1331 2 3 3 1 1 3 3 26 3 1 1 3 2 1 1 0
3 6 3 0 1443 2 5 4 4 1 2 3 31 3 2 2 3 1 1 2 0
2 10 2 0 1235 2 5 2 3 3 4 3 47 1 3 1 2 1 1 2 0
4 4 4 3 1495 1 4 2 3 1 1 2 42 3 2 3 2 1 1 1 1
2 6 2 0 708 2 3 2 4 1 2 1 27 3 1 1 2 2 1 2 1
3 15 2 0 1262 3 3 4 2 1 3 3 24 3 1 1 3 2 1 2 0
3 36 3 2 5220 4 4 4 2 1 2 2 28 3 2 2 3 2 1 2 1
4 24 2 2 7622 4 2 1 3 1 2 2 30 3 2 1 3 2 2 2 1
1 18 4 3 1174 4 1 2 2 1 4 1 55 3 2 3 2 2 1 2 0
4 24 2 1 1879 5 5 4 2 1 4 1 29 3 1 1 3 2 2 2 1
4 12 4 3 545 3 5 4 3 1 4 2 41 3 3 2 4 2 2 1 1
2 12 1 2 7949 1 5 3 3 1 4 4 53 1 3 3 4 2 2 2 0
2 24 2 1 7746 1 4 3 1 1 2 3 38 2 2 3 4 2 2 2 1
4 21 2 10 5408 5 3 2 3 1 3 3 26 3 2 1 3 2 1 2 1
2 12 2 3 2837 1 4 1 3 1 1 1 27 3 3 1 3 2 1 2 1
1 18 2 0 2253 4 4 2 3 1 3 2 30 3 2 1 3 1 2 1 1
4 15 2 2 1849 1 2 4 3 1 1 4 46 3 2 1 3 2 1 1 0
2 36 1 0 14254 3 3 2 1 2 2 4 57 1 3 1 3 2 2 2 0
4 9 2 3 1360 1 4 3 3 1 4 2 58 3 1 1 3 2 1 2 1
2 12 4 9 1917 2 1 4 2 1 2 1 34 3 2 2 4 2 2 2 1
2 8 2 3 2321 1 2 2 2 1 1 1 45 3 1 1 3 2 1 2 1
4 24 4 1 6330 3 1 4 1 1 2 4 27 3 2 2 4 2 2 2 1
4 45 4 3 4662 5 2 4 1 1 2 2 24 1 2 2 2 2 1 2 0
3 60 3 3 7665 3 4 4 3 1 2 1 27 3 2 1 2 2 1 2 1
4 15 3 3 1262 4 5 4 3 1 4 4 39 3 3 2 3 2 2 2 1
4 24 4 0 2024 2 2 4 2 1 4 4 37 3 2 1 4 2 1 2 1
2 21 2 2 1192 4 5 2 3 1 4 3 39 3 2 1 3 1 1 2 0
1 12 2 0 7570 1 1 4 2 1 2 3 24 3 1 1 4 2 2 2 1
4 24 2 3 1391 5 4 3 3 1 1 3 28 3 2 1 3 2 1 2 1
1 12 2 2 2480 4 4 2 2 1 1 3 42 3 3 1 3 2 1 2 1
3 48 4 2 11539 5 3 2 2 1 4 4 24 3 1 2 2 2 1 2 0
2 24 4 0 931 1 4 4 2 1 2 2 27 3 2 2 2 2 1 2 0
2 12 2 0 2519 1 2 4 2 1 1 2 33 1 2 1 4 1 1 2 0
4 30 4 3 4579 2 2 4 1 1 4 3 26 3 1 2 4 2 2 2 1
4 4 4 0 3144 1 2 1 3 1 1 1 37 3 2 3 3 1 1 2 1
3 12 2 1 1501 5 3 4 2 3 4 4 40 3 3 1 3 2 1 2 1
1 24 3 1 2509 1 2 4 2 1 4 4 22 1 1 1 3 2 1 1 1
1 18 4 2 2105 1 2 4 3 1 4 3 24 3 3 2 3 2 1 2 0
2 48 0 3 7339 5 4 4 4 1 2 3 32 3 2 2 3 1 1 1 1
2 21 2 9 2714 1 4 2 1 1 2 3 32 3 1 2 3 2 2 1 1
3 36 2 3 3720 3 2 4 1 1 1 3 42 3 2 1 3 2 2 1 0
4 12 2 1 2536 5 3 1 3 1 4 3 26 3 1 1 3 2 2 2 1
1 24 4 2 2915 1 5 4 3 1 4 4 63 3 2 2 3 2 2 1 1
2 9 2 9 1754 1 2 3 2 1 2 3 22 2 2 1 3 2 2 2 1
2 12 2 0 6100 1 4 2 3 1 3 3 32 3 2 1 4 2 1 2 1
2 36 2 0 2569 2 3 4 3 1 4 2 24 3 1 1 3 2 1 2 1
2 36 3 6 7950 1 3 4 3 2 4 3 27 1 1 2 3 2 2 2 0
3 30 2 2 5059 4 3 1 2 2 4 2 24 2 1 1 2 2 2 1 1
4 36 2 2 3192 4 3 4 2 1 4 3 36 3 2 1 3 1 1 2 1
4 18 4 3 1767 1 3 4 3 1 2 3 24 3 2 2 3 2 1 2 1
3 48 3 3 3077 5 5 4 2 1 4 3 28 3 2 2 3 1 1 2 0
4 12 4 0 683 2 4 4 3 1 3 2 51 3 2 2 2 2 2 1 1
4 12 2 3 2989 1 3 1 4 1 1 1 24 3 1 1 3 2 1 2 1
3 36 3 2 8147 1 3 1 3 1 2 1 26 3 2 1 3 2 1 2 0
4 9 4 2 1866 1 1 1 1 1 2 3 35 3 2 2 3 2 2 2 1
4 12 2 3 1693 2 4 1 1 1 3 1 35 3 3 1 3 2 1 2 1
2 24 4 1 6466 1 1 2 2 3 4 1 75 3 2 3 4 2 2 2 0
3 21 0 9 3523 2 2 4 3 1 1 1 26 1 2 2 3 2 1 2 0
3 12 2 4 717 5 2 4 2 1 3 2 22 2 2 1 3 2 1 1 1
4 48 4 3 8485 4 4 2 2 1 1 4 36 3 2 2 4 2 2 2 1
1 12 1 6 721 3 5 4 3 1 4 4 40 3 2 1 2 1 1 2 0
3 18 4 2 7214 1 2 1 3 1 4 4 40 1 1 2 4 2 1 1 1
2 18 4 9 1831 1 3 4 2 1 2 1 30 3 2 2 3 2 2 2 0
3 18 3 0 6427 1 5 2 3 1 4 4 39 1 1 2 4 1 2 2 0
3 24 4 1 4707 3 3 3 1 1 2 3 74 3 3 1 4 2 2 2 1
4 12 4 3 1927 1 5 3 3 1 1 1 26 3 3 2 3 2 1 2 1
3 12 2 0 616 1 2 4 2 1 1 1 26 1 2 1 2 2 1 2 0
1 6 4 0 3748 1 3 1 3 1 3 1 37 3 2 3 3 1 1 2 1
1 18 3 10 8848 2 2 1 3 1 2 3 23 3 1 2 3 2 2 2 1
3 24 4 2 2021 1 5 2 3 1 2 2 30 3 2 2 2 2 1 2 1
4 36 2 1 5742 3 4 2 1 1 3 3 31 3 2 1 3 2 2 2 1
3 24 2 1 1410 1 3 4 1 1 2 2 28 3 1 1 3 2 1 2 1
1 24 0 2 4052 2 5 3 3 1 4 4 23 3 3 2 3 1 1 1 0
4 42 2 3 7237 5 4 3 3 1 3 3 28 3 1 1 3 2 2 2 1
1 18 1 2 1924 1 3 2 2 1 2 4 31 3 1 2 2 2 1 2 0
3 18 4 0 1200 1 1 2 2 1 3 2 68 3 2 3 3 2 2 2 1
4 12 2 3 874 5 3 4 1 1 2 1 21 3 1 1 3 2 1 2 1
1 48 2 2 3108 1 5 2 3 1 4 2 54 3 3 1 3 2 1 2 1
1 24 2 3 2406 1 5 4 3 1 4 1 64 3 3 3 2 2 2 2 1
4 12 2 3 2221 3 3 4 2 1 2 2 24 3 2 1 3 1 1 2 1
3 18 4 2 3077 1 2 3 2 1 4 2 26 3 1 1 3 2 1 1 1
4 11 2 3 2122 1 5 1 3 1 2 1 28 3 1 1 3 2 2 2 1
4 10 1 3 1047 1 2 4 2 2 1 1 23 3 1 1 2 1 1 2 1
4 18 2 0 6071 1 1 2 1 1 3 2 28 3 2 1 4 1 1 1 1
4 36 4 9 7237 1 4 2 3 1 4 3 35 3 2 2 4 2 2 2 1
4 18 2 2 1546 1 2 4 3 1 1 2 43 3 2 1 2 1 1 2 0
1 18 2 6 1258 3 3 4 3 1 4 3 61 3 3 1 3 2 1 1 1
2 26 2 9 3924 2 3 4 1 1 2 1 36 2 1 1 4 1 2 1 0
4 24 3 1 3967 4 3 3 3 1 1 3 32 3 2 1 3 2 1 2 1
4 30 2 1 2867 2 4 3 3 1 4 1 25 3 1 1 3 2 1 2 1
4 10 2 0 2856 3 2 2 2 1 4 4 31 3 2 1 3 2 1 2 1
3 12 2 0 1337 2 2 4 2 1 3 3 25 3 1 1 3 2 1 1 0
4 12 2 3 708 1 3 4 1 3 1 1 40 3 2 1 2 2 2 2 1
2 12 4 3 1082 2 5 4 2 1 2 1 49 3 3 3 3 2 2 1 1
1 36 2 0 3119 1 4 2 3 1 4 2 39 3 3 1 4 1 2 2 1
2 24 2 2 2969 1 3 1 3 2 4 1 20 3 1 2 3 2 1 2 1
1 12 2 2 1287 1 5 3 3 2 4 1 23 3 3 1 3 2 1 2 1
4 9 4 2 2406 1 2 2 2 1 1 2 31 3 1 1 4 2 1 2 1
2 6 4 0 4955 1 4 1 3 1 1 1 44 3 2 2 2 1 1 2 1
2 6 4 3 335 5 5 4 3 1 4 3 52 3 2 2 3 2 1 2 1
4 9 0 2 1311 1 2 4 4 1 2 3 34 1 2 2 3 2 2 1 0
3 42 4 9 5953 1 4 2 2 1 1 1 40 3 1 2 2 2 1 2 1
2 11 2 2 1592 2 2 4 3 1 1 4 20 3 2 1 3 2 1 2 1
4 30 3 9 2462 4 3 4 4 1 3 4 41 1 2 2 3 2 2 2 0
2 18 2 9 1924 1 2 1 1 1 1 4 36 3 2 1 4 2 2 2 1
1 12 4 9 2171 3 1 4 3 1 2 2 41 1 2 2 4 2 2 2 0
4 12 3 6 1552 1 5 4 3 1 4 4 54 3 3 2 1 1 1 2 0
1 20 0 0 2217 1 3 4 4 1 2 3 33 1 3 2 3 1 1 2 0
4 36 2 3 4173 1 3 3 3 1 2 3 26 3 2 1 3 2 1 2 0
4 15 2 3 3032 1 4 2 3 1 2 2 33 3 2 1 3 2 1 2 1
2 24 4 9 1937 1 5 4 1 1 4 4 31 1 2 2 3 1 2 2 1
4 9 2 0 274 2 3 2 4 1 4 3 22 3 1 1 2 2 1 1 1
1 15 4 2 3617 1 5 1 1 1 4 2 27 3 1 2 2 2 1 2 0
1 11 4 0 4001 1 3 2 3 1 3 1 40 3 2 2 2 1 1 2 1
1 24 2 3 2333 1 4 3 4 1 2 3 28 3 2 1 3 2 2 2 1
2 48 2 9 6563 2 4 4 3 1 2 3 24 3 3 1 3 1 1 2 0
2 12 2 1 3348 1 5 3 3 1 4 4 35 3 3 3 3 2 2 2 1
4 18 2 3 865 3 3 4 3 3 2 1 25 2 2 1 2 2 1 2 1
4 24 4 2 3614 5 4 4 3 1 4 3 20 3 2 2 3 2 1 1 1
2 10 4 0 3928 2 3 1 3 1 2 1 36 3 2 2 3 1 1 1 1
2 9 2 3 1551 2 3 4 3 1 1 1 35 1 2 1 3 2 2 1 1
1 24 4 1 6614 1 5 2 4 1 4 1 44 1 2 3 4 1 2 2 1
4 15 2 3 1502 5 3 4 4 1 2 1 22 3 2 1 3 2 1 2 1
4 9 2 0 1262 4 3 4 3 1 2 1 45 3 2 1 4 1 1 2 1
1 12 4 9 3468 1 3 3 3 3 2 4 29 3 2 2 2 2 1 2 0
4 15 2 4 902 3 2 4 2 1 4 3 24 3 2 1 3 2 1 2 1
2 12 0 0 1216 1 5 2 3 1 4 1 46 3 1 1 1 2 1 1 0
4 4 4 3 1525 1 4 2 3 1 1 1 43 3 1 2 2 1 1 2 1
4 36 2 1 8383 1 3 1 4 2 3 2 30 3 2 1 2 2 1 2 1
2 36 2 3 2321 1 4 4 3 1 4 3 24 3 1 1 3 1 1 2 1
4 48 2 3 3972 5 4 4 4 1 1 3 40 3 3 1 3 1 2 1 1
3 24 2 2 1944 1 2 4 3 2 2 2 32 3 2 1 3 2 1 2 0
1 18 4 1 5375 1 5 1 3 1 4 4 36 3 3 3 4 1 2 2 1
3 12 2 2 1924 1 3 4 2 1 2 2 38 2 2 1 3 2 1 2 0
1 6 1 2 4470 1 2 4 2 1 4 3 32 3 2 1 3 2 1 2 0
4 24 2 0 914 4 4 4 3 1 4 2 31 3 2 1 3 2 2 2 1
1 48 2 0 3834 1 4 4 3 1 4 4 45 3 2 1 3 2 1 1 0
4 24 4 0 2384 4 4 4 1 1 1 2 27 3 2 1 3 2 2 1 1
3 24 4 3 2236 5 5 4 4 1 4 1 52 3 2 2 3 2 1 2 1
4 30 4 1 7880 5 5 4 3 1 4 3 40 3 2 2 3 2 2 1 1
3 9 2 3 1202 1 5 4 3 1 1 1 25 3 2 1 3 1 1 1 1
1 24 3 9 4146 1 2 4 4 1 1 4 36 3 3 2 2 2 1 1 0
1 24 2 2 3912 1 1 2 2 1 4 4 25 3 3 1 1 2 2 1 1
2 24 2 2 3126 1 2 4 3 1 4 4 22 3 2 1 3 2 1 2 0
4 6 4 0 949 3 4 4 2 1 1 1 39 3 2 1 2 2 1 2 1
4 36 2 3 3906 1 3 1 1 1 2 3 23 3 3 1 3 2 2 2 1
4 12 2 3 1865 3 3 1 3 1 2 3 44 3 3 1 2 2 2 2 0
1 12 4 0 2082 1 4 3 3 1 2 2 30 3 2 2 3 2 1 2 0
1 15 2 2 2246 1 3 2 2 1 4 2 20 3 1 1 3 2 1 2 1
1 18 2 2 3620 5 2 1 2 1 4 1 22 3 2 1 4 2 1 2 1
3 24 2 0 2335 1 4 1 2 1 1 2 33 3 3 1 3 2 1 2 0
4 24 2 9 1560 4 4 4 3 1 4 2 40 3 2 1 3 2 2 2 1
3 6 2 0 682 1 1 2 2 1 1 1 54 3 1 1 4 2 2 2 1
4 21 2 3 3141 3 5 3 3 1 1 3 40 3 2 1 3 1 2 2 1
2 21 2 1 3968 4 4 2 3 1 3 4 35 3 2 1 1 2 2 2 1
4 6 4 0 1295 5 3 2 3 1 1 1 74 3 2 3 2 2 1 2 1
2 36 2 9 2240 1 4 2 3 1 1 3 32 3 2 1 3 2 1 1 0
4 24 3 2 5605 5 3 2 1 1 1 3 25 3 1 1 3 2 1 2 0
1 18 1 0 3974 1 2 4 4 1 4 4 33 3 3 3 4 2 2 1 0
2 24 4 1 1612 1 5 4 3 1 4 2 54 3 3 2 3 1 1 2 1
1 12 2 2 1293 4 3 2 2 1 4 3 20 3 2 1 3 2 1 2 0
1 20 2 0 3686 1 4 1 2 1 2 2 24 2 2 1 2 1 1 2 1
4 12 4 2 1262 3 5 4 2 1 4 4 57 3 2 1 2 2 1 1 1
4 15 4 3 1476 3 3 4 2 1 2 1 43 3 1 1 3 2 1 2 1
3 18 0 0 1107 1 4 4 2 1 2 3 30 3 2 2 3 2 1 2 0
1 10 4 0 1034 1 4 4 1 1 3 2 48 3 2 2 4 2 1 1 1
3 15 4 2 3604 1 2 4 1 1 3 2 46 3 2 2 2 2 1 2 1
4 6 2 3 881 4 5 4 3 1 4 3 36 3 2 1 3 2 1 2 1
1 30 2 2 2406 1 2 2 3 1 4 3 23 3 1 1 3 2 1 2 1
2 36 4 0 11113 5 3 2 1 1 3 3 45 3 2 2 4 1 2 2 1
2 12 3 9 6468 3 1 1 3 1 3 4 53 3 1 1 4 2 2 2 0
2 24 4 0 2052 5 3 4 2 1 4 3 42 3 3 2 3 2 2 1 1
4 18 2 2 2462 1 3 3 2 1 4 1 42 3 2 1 3 1 2 2 1
4 6 4 3 1685 2 5 1 1 3 1 3 31 3 2 2 3 1 1 2 1
3 12 2 0 750 4 4 3 4 1 1 1 26 3 2 1 3 1 1 1 1
3 6 4 0 1344 2 5 1 3 1 4 1 45 3 2 2 2 1 1 2 1
4 9 4 2 2070 5 3 2 3 1 1 2 26 3 3 2 3 2 1 1 1
1 6 4 0 6659 1 4 1 3 1 1 2 45 2 2 1 4 1 2 1 1
3 30 2 2 3237 1 2 3 1 1 4 2 31 3 2 3 2 2 1 2 0
4 12 1 6 1410 2 5 4 3 3 4 2 47 1 3 1 3 1 2 2 1
4 15 4 9 797 3 3 4 3 1 2 3 27 3 2 2 2 2 1 2 0
3 24 4 3 4280 3 3 2 3 1 2 2 35 3 2 2 3 2 1 2 1
2 12 2 4 654 1 2 4 2 1 1 4 26 3 1 1 2 2 1 1 1
1 12 4 0 5092 2 5 3 1 1 4 3 43 3 3 2 3 2 1 1 0
3 6 4 0 1189 5 3 4 3 3 2 4 35 1 3 4 3 2 1 1 1
3 24 4 2 5742 1 3 1 3 1 2 3 27 3 2 2 3 2 1 2 1
2 36 1 9 1940 1 5 3 3 1 4 4 61 1 3 3 3 2 2 2 0
2 24 3 0 11616 1 2 2 1 2 2 3 29 3 3 2 4 2 2 2 0
4 36 3 3 3346 4 5 4 4 1 2 1 50 3 3 2 3 2 2 2 1
2 12 4 1 3577 3 5 2 1 1 4 3 28 3 1 3 2 2 2 2 1
1 12 2 0 859 5 3 4 3 3 2 3 23 3 1 1 3 2 1 2 0
4 9 2 3 2046 1 3 3 3 1 2 1 25 3 2 1 2 2 1 2 1
4 18 4 9 3757 1 1 3 3 1 3 2 35 3 2 2 4 2 2 2 1
4 36 3 0 7601 2 3 3 2 1 4 4 40 3 1 2 3 2 2 1 1
3 24 2 2 3189 1 2 4 2 1 4 2 23 1 1 1 3 2 1 1 0
4 21 3 6 2519 2 2 4 3 2 4 2 28 3 1 1 4 2 2 2 1
4 9 2 3 2769 4 5 3 3 1 4 3 35 3 2 1 3 2 2 2 1
2 6 2 0 932 1 3 4 2 1 1 4 32 3 3 1 2 2 1 1 0
2 15 2 9 2333 2 3 2 4 1 4 3 27 3 2 2 3 2 1 2 1
2 21 3 6 2579 1 3 4 3 1 1 1 41 1 2 1 2 2 1 1 0
2 24 1 9 1361 1 3 4 4 3 3 2 43 3 2 2 3 2 1 2 0
3 12 2 3 3077 1 5 2 3 1 4 3 51 3 3 1 3 2 1 2 1
4 18 3 0 5803 2 3 4 2 1 2 3 30 3 2 2 3 2 2 2 1
3 24 2 2 2827 1 5 4 3 1 4 4 52 3 2 1 3 1 1 2 1
2 18 2 1 6555 2 1 1 1 1 4 4 60 3 1 1 4 2 2 2 1
2 6 2 3 372 5 3 4 3 3 4 3 38 3 2 1 3 2 1 2 1
4 24 2 3 2006 5 2 2 4 1 4 2 20 3 1 1 3 2 1 2 0
4 24 3 3 3232 5 2 3 4 1 2 1 36 3 2 1 4 2 2 2 0
1 36 2 2 3531 1 3 4 3 1 1 2 37 3 2 1 2 1 1 1 1
4 15 4 2 1533 5 3 4 3 1 4 2 63 3 2 2 3 2 2 2 1
4 15 3 2 3397 3 3 3 3 1 2 1 28 3 1 1 3 2 2 2 1
3 18 2 3 4685 1 2 3 4 1 2 3 32 3 2 1 4 2 2 1 1
4 36 4 3 2391 1 5 4 3 1 4 1 36 3 2 1 3 2 1 2 1
2 60 3 0 14817 1 1 2 3 1 4 4 59 1 2 2 4 2 2 1 0
4 6 4 0 1045 3 3 1 3 1 4 4 49 3 2 1 2 2 1 1 1
4 12 4 9 1791 4 2 4 4 1 1 2 28 2 2 2 2 2 1 2 0
1 12 2 0 3977 1 1 1 3 1 4 4 22 3 1 1 2 2 1 1 1
4 9 4 6 708 4 5 4 2 1 4 1 47 1 3 2 2 2 1 2 1
4 24 4 0 2578 5 5 4 1 1 4 4 47 2 3 2 3 1 1 1 0
1 24 2 0 1275 3 2 4 2 1 4 3 32 3 2 1 3 2 1 2 0
1 12 2 3 759 1 3 4 3 1 3 2 66 3 2 1 3 2 1 1 0
3 10 4 3 1124 4 1 4 3 1 4 1 57 3 2 1 2 2 1 2 1
3 9 2 2 1330 1 5 3 2 1 1 4 22 3 3 1 3 2 1 2 1
4 10 4 0 1221 2 5 2 3 1 4 1 32 3 2 2 2 2 1 2 1
3 18 2 1 3248 1 1 2 4 1 4 4 37 3 3 2 4 2 2 1 1
2 27 1 2 2481 1 3 2 3 1 2 2 23 1 2 2 2 2 1 2 0
4 36 3 9 3929 1 2 4 4 1 1 1 29 3 2 1 2 2 2 2 1
4 24 4 3 5151 1 5 3 3 1 4 4 33 3 3 1 3 2 2 2 1
2 15 3 9 1520 4 5 4 2 1 3 4 61 1 2 2 3 2 1 2 0
1 36 0 2 7207 1 5 4 4 1 4 3 23 3 1 2 2 2 2 1 0
4 9 2 3 1135 4 5 3 3 1 4 4 49 3 3 1 3 2 1 2 1
2 60 2 9 9047 2 3 2 3 1 2 3 27 1 2 1 3 2 1 2 1
3 6 2 9 1218 1 4 4 1 1 3 3 43 3 2 1 4 1 2 2 1
4 9 2 0 3586 2 3 1 3 2 2 1 26 3 2 1 2 1 1 1 1
4 24 4 1 2384 3 4 3 3 1 3 3 35 2 2 2 3 2 2 1 1
4 30 4 9 6770 3 4 2 1 1 3 2 36 3 2 2 3 2 1 2 1
4 60 2 3 10240 2 4 2 2 1 4 4 21 3 2 1 3 2 2 2 1
3 24 4 3 1236 4 5 4 2 1 4 3 57 3 2 2 1 2 2 2 0
4 6 4 3 1898 5 3 1 4 3 2 1 34 3 2 2 2 1 1 2 1
4 18 4 2 4190 1 4 1 3 1 4 1 24 3 1 2 3 2 1 1 1
4 28 4 3 2745 1 3 4 3 1 2 3 29 3 2 2 3 2 1 2 1
4 30 4 3 3063 1 5 3 1 1 4 2 47 3 2 1 3 2 1 2 1
3 48 0 10 18423 1 3 1 2 1 2 3 32 1 2 1 4 2 1 2 0
2 18 3 3 1307 1 4 4 4 1 1 1 32 1 2 1 2 2 1 2 1
4 18 3 9 1981 3 3 4 3 1 4 2 47 1 3 2 3 2 1 2 1
2 24 0 1 5101 2 3 2 3 1 1 3 53 3 2 2 3 1 1 2 0
1 6 4 0 660 3 4 2 2 1 4 1 39 3 1 2 2 2 2 2 1
4 18 4 3 627 2 2 4 4 1 4 2 32 1 2 2 2 2 2 2 1
2 36 4 0 6750 5 4 4 3 1 4 4 34 3 2 2 4 1 2 2 1
3 30 3 0 1924 3 3 4 4 1 3 2 30 1 3 2 3 2 1 2 0
4 11 4 0 7050 5 3 1 2 1 4 1 39 3 3 2 2 1 1 2 1
1 12 4 2 2991 4 2 4 3 1 3 3 25 3 2 2 3 2 1 2 0
2 24 3 9 2773 1 4 4 3 1 3 4 34 1 2 2 3 1 2 2 1
4 60 4 0 10393 2 5 2 3 1 4 2 42 3 3 1 2 2 2 2 1
1 12 2 0 2127 4 2 3 2 1 2 3 29 3 1 1 3 2 1 2 1
2 30 3 1 3510 4 3 4 3 1 2 4 34 3 2 1 3 1 2 2 0
4 36 2 3 2289 2 5 4 2 1 4 4 39 3 2 1 3 2 1 2 1
2 30 3 0 4429 2 3 2 2 1 4 1 26 3 1 2 3 2 1 2 0
1 48 4 1 4659 1 5 2 4 2 4 4 24 1 3 2 3 1 1 2 0
2 9 2 0 1154 1 2 4 2 1 3 3 67 1 2 2 4 2 2 1 1
1 12 4 0 976 1 4 2 3 1 4 1 47 1 2 2 2 1 1 2 1
2 24 3 0 3509 1 4 2 1 1 3 3 38 3 2 2 4 1 2 2 1
4 12 2 2 1434 2 5 3 1 1 4 3 55 3 2 1 3 2 2 1 1
3 24 2 2 2864 1 3 3 3 1 4 2 51 3 3 1 3 2 2 2 0
4 24 3 9 4607 2 3 4 2 1 2 2 34 1 2 2 4 2 2 1 0
2 30 1 0 1923 1 5 4 1 1 4 4 66 1 3 3 4 2 2 2 0
2 10 2 9 1496 1 3 2 3 1 2 2 31 3 1 1 2 2 2 1 0
3 7 4 1 1141 3 5 4 3 1 4 4 50 1 3 2 4 1 2 2 0
3 6 2 0 14411 1 2 1 2 1 2 2 23 3 2 1 3 2 1 2 0
4 24 3 1 5950 5 5 2 3 2 2 3 30 3 2 2 4 2 2 1 1
1 36 2 6 1977 1 5 4 3 1 4 4 40 3 3 1 3 2 2 2 0
2 48 2 9 11046 1 4 4 3 1 3 4 27 1 2 1 3 2 2 2 0
4 24 2 0 1238 5 3 4 4 1 2 1 28 3 2 1 3 2 1 2 1
4 48 4 3 3516 5 5 4 3 1 2 1 47 3 2 1 1 2 2 2 1
1 48 3 1 7427 3 5 2 2 1 3 4 31 3 3 1 4 2 2 2 1
3 10 2 3 4790 1 4 2 3 1 3 4 52 3 2 1 3 2 1 2 1
4 21 2 3 2223 1 3 3 2 1 2 3 50 3 2 1 3 1 1 1 1
2 18 2 0 2745 3 3 2 3 3 2 1 34 3 2 1 2 1 1 2 0
3 18 4 3 1742 5 5 4 4 1 4 1 48 1 2 4 2 2 2 2 1
1 24 2 1 2861 3 3 1 3 1 4 4 26 3 1 1 3 2 2 2 1
2 18 1 0 1011 4 2 3 2 1 3 1 23 3 2 1 2 2 1 2 0
3 10 2 2 2128 1 3 3 1 2 2 4 25 3 2 1 2 2 1 1 1
2 12 2 3 1053 1 5 2 3 1 2 1 26 3 1 1 3 2 2 1 1
4 24 1 1 2676 3 5 1 1 1 4 3 35 3 1 1 2 2 2 2 1
4 9 4 2 1245 3 5 1 2 1 4 1 40 1 1 2 2 2 1 1 1
3 12 4 3 617 1 5 4 2 1 4 4 56 3 2 1 3 2 1 2 0
3 12 2 3 1578 3 3 1 3 1 3 1 22 3 2 1 3 2 2 2 1
4 36 3 1 11735 4 2 4 2 1 2 2 26 3 2 1 3 2 1 2 0
2 15 2 0 805 4 2 4 4 1 4 4 22 1 1 1 2 2 1 2 0
1 12 2 6 800 5 2 4 2 1 4 4 53 3 1 3 3 2 1 2 0
2 24 4 3 2023 4 3 2 4 1 2 1 33 3 2 2 4 2 2 1 1
3 18 2 2 749 4 2 4 2 1 1 2 27 1 1 1 2 2 1 1 0
4 6 4 3 1392 1 3 1 3 1 2 4 28 3 2 2 3 1 2 2 1
4 6 0 0 3485 1 3 2 1 3 2 2 26 2 2 1 3 2 1 2 1
2 48 4 0 8336 5 4 1 2 1 1 3 30 1 3 2 3 2 2 2 1
3 45 0 0 11811 1 5 2 2 2 4 4 29 3 2 1 3 2 1 2 0
1 12 1 0 1075 4 3 4 3 1 4 3 48 1 3 2 3 2 1 2 0
1 12 2 4 394 1 1 3 4 3 3 1 58 3 2 3 4 2 1 2 1
2 30 4 1 5966 5 4 1 3 1 4 4 24 3 3 2 3 2 2 2 1
4 24 4 2 1631 1 5 4 3 1 3 1 48 3 2 2 2 2 1 2 1
1 12 1 0 785 3 3 4 4 3 4 1 33 3 2 1 2 2 1 2 1
4 48 2 3 4771 1 4 4 1 1 1 2 26 3 2 1 3 1 1 2 1
2 12 4 0 1173 1 5 4 3 1 4 2 44 3 2 1 2 1 2 1 1
1 12 2 0 3620 2 3 4 3 1 3 1 31 3 2 1 3 1 1 2 1
1 10 2 0 1559 3 3 1 3 1 2 2 31 2 3 1 2 1 1 1 1
4 12 4 0 2046 1 4 2 1 1 3 2 49 3 2 2 2 1 1 1 1
1 6 4 3 2022 1 4 2 2 1 4 2 31 3 1 1 3 2 2 1 1
4 30 2 4 1593 5 3 4 3 1 4 3 26 3 2 1 3 2 1 2 1
4 24 4 1 7621 1 5 2 2 1 4 4 29 3 1 4 3 2 2 2 1
2 27 0 2 5426 1 4 2 2 1 3 4 50 3 1 1 3 2 2 2 0
1 24 2 1 3497 1 4 3 3 1 4 3 23 3 1 1 3 2 2 1 1
3 18 2 3 2579 1 5 4 3 1 4 3 65 3 2 1 3 2 1 2 0
4 6 2 0 1258 3 3 4 3 1 4 4 50 2 1 1 3 2 1 2 1
1 7 4 3 717 2 5 4 4 1 2 4 46 3 2 2 4 2 1 1 1
1 18 2 2 1940 1 2 4 2 1 1 4 23 3 3 1 3 2 1 1 0
4 24 4 0 1279 5 5 4 2 1 4 3 37 3 2 2 4 2 2 2 1
1 6 2 3 1334 5 5 1 2 1 4 3 61 3 2 1 2 2 1 1 1
1 12 2 2 1108 2 3 1 3 1 2 1 20 3 1 1 3 1 2 2 1
1 30 2 10 11908 3 2 1 4 2 1 4 34 1 3 1 4 2 2 2 0
2 12 4 3 1291 5 3 2 2 1 2 1 35 3 2 2 3 2 1 1 1
2 24 2 3 2406 3 2 4 4 1 4 1 35 3 2 1 3 2 2 1 0
3 24 3 0 1939 5 5 4 4 1 4 1 60 3 2 1 3 1 2 2 1
2 24 2 0 1256 1 2 4 2 1 2 2 23 1 2 1 2 2 1 2 0
3 27 3 9 7894 5 2 4 3 1 2 3 30 3 2 1 3 2 1 2 1
1 24 2 0 1542 4 4 4 3 1 3 3 34 3 1 1 3 1 1 2 1
3 12 2 9 639 1 1 4 2 3 2 1 49 3 2 1 2 2 1 2 1
1 12 0 2 2335 1 5 3 3 1 4 2 60 3 2 2 3 1 1 2 0
4 30 4 3 3621 3 5 4 3 1 4 4 49 3 3 2 2 2 1 2 1
4 36 3 6 6249 1 2 4 2 1 4 2 23 1 2 2 4 2 2 2 0
2 24 2 9 3995 3 2 3 2 1 4 3 28 3 1 1 3 2 2 1 0
4 15 4 3 1492 2 5 4 2 1 4 4 35 3 1 2 3 2 2 1 1
1 24 2 3 1521 5 4 4 2 1 1 1 38 3 2 1 4 2 2 2 1
2 15 4 1 3445 5 5 3 3 1 4 4 23 3 1 3 4 2 2 2 1
4 54 1 1 9427 5 3 2 3 1 3 2 39 3 2 1 2 1 1 2 1
2 12 3 3 604 1 3 4 2 1 4 1 20 3 2 2 3 2 1 2 1
1 12 2 2 1410 1 5 3 3 2 3 1 54 3 3 1 3 2 1 2 1
4 27 2 2 2534 2 2 4 2 1 3 4 31 3 2 1 3 1 1 2 1
1 24 2 9 1750 3 1 4 4 1 4 2 59 3 1 3 2 2 2 2 0
3 24 2 0 884 5 5 4 3 3 3 3 29 3 2 1 3 2 1 2 0
2 12 2 3 1533 1 2 1 4 1 4 1 23 2 3 1 3 2 1 2 1
2 6 4 3 851 3 5 3 3 1 1 4 39 3 2 2 1 1 1 1 1
4 18 4 3 3595 3 4 3 2 1 4 3 37 3 2 1 3 2 2 2 1
4 12 2 2 1851 3 2 2 2 1 1 4 22 3 2 1 3 2 1 2 1
4 12 4 0 691 1 3 4 4 1 2 2 32 3 2 2 3 2 1 2 1
4 15 2 0 5343 5 5 1 3 1 4 1 35 3 3 1 2 2 1 2 1
2 42 3 6 6288 1 2 2 2 1 1 1 33 3 2 2 3 2 1 2 0
4 15 2 9 1262 1 4 4 1 1 3 2 36 3 3 2 4 2 2 2 1
4 24 3 1 2968 5 3 4 3 1 1 3 32 1 3 2 3 1 2 2 1
4 6 2 2 1533 1 3 4 1 1 2 1 33 3 3 1 3 2 1 2 1
2 6 0 6 1168 4 2 3 2 1 4 1 35 3 1 2 3 2 1 2 0
2 36 2 1 8518 2 5 3 2 1 4 4 47 3 1 1 3 2 2 2 0
4 18 4 4 1919 1 4 4 2 3 3 4 32 1 2 2 1 2 2 2 1
1 30 2 2 6325 3 3 4 3 1 4 2 31 3 3 1 3 1 1 1 0
