Feature,Gini,Shannon,Simpson,I.I.R.
work_class,0.53,0.51,0.14,0.0
education,0.83,0.66,0.24,0.0
marital_status,0.79,0.69,0.39,0.0
occupation,0.96,0.9,0.67,0.0
relationship,0.88,0.82,0.54,0.02
race,1.0,1.0,1.0,0.86
sex,0.97,0.98,0.95,0.72
native_country,1.0,1.0,1.0,0.83
income,0.77,0.82,0.62,0.35
